2 0.7866666666666666 0.21333333333333335 0.29333333333333333 0.044444444444444446
2 0.82 0.28 0.22666666666666666 0.07111111111111111
2 0.49777777777777776 0.23777777777777778 0.2222222222222222 0.04
2 0.16444444444444445 0.22444444444444445 0.2311111111111111 0.04
2 0.21333333333333335 0.28 0.3288888888888889 0.035555555555555556
2 0.1688888888888889 0.35333333333333333 0.24888888888888888 0.06666666666666667
2 0.24444444444444444 0.4444444444444444 0.39111111111111113 0.06222222222222222
2 0.30666666666666664 0.5244444444444445 0.5066666666666667 0.07111111111111111
2 0.36444444444444446 0.6222222222222222 0.6222222222222222 0.06222222222222222
2 0.43777777777777777 0.7133333333333334 0.76 0.057777777777777775
2 0.7244444444444444 0.3511111111111111 0.4266666666666667 0.05333333333333334
2 0.68 0.41555555555555557 0.5066666666666667 0.06666666666666667
2 0.6622222222222223 0.5022222222222222 0.5422222222222223 0.07111111111111111
2 0.6111111111111112 0.5822222222222222 0.6533333333333333 0.06222222222222222
2 0.5888888888888889 0.6844444444444444 0.68 0.05333333333333334
2 0.5177777777777778 0.7822222222222223 0.84 0.05333333333333334
