3 0.06 0.49777777777777776 0.07555555555555556 0.9688888888888889
3 0.1688888888888889 0.5133333333333333 0.08 0.9466666666666667
3 0.27555555555555555 0.5244444444444445 0.07111111111111111 0.9155555555555556
3 0.37777777777777777 0.5377777777777778 0.07111111111111111 0.8888888888888888
3 0.48 0.5577777777777778 0.07111111111111111 0.8577777777777778
3 0.58 0.5666666666666667 0.06666666666666667 0.8311111111111111
3 0.6777777777777778 0.5822222222222222 0.06666666666666667 0.8
3 0.7688888888888888 0.6133333333333333 0.06222222222222222 0.7377777777777778
3 0.8577777777777778 0.6333333333333333 0.05333333333333334 0.6977777777777778
3 0.9444444444444444 0.6488888888888888 0.057777777777777775 0.6666666666666666
