1 0.046052631578947366 0.24060150375939848 0.039473684210526314 0.48120300751879697
1 0.09868421052631579 0.24436090225563908 0.05 0.45864661654135336
1 0.16052631578947368 0.23684210526315788 0.05263157894736842 0.47368421052631576
1 0.4105263157894737 0.24060150375939848 0.042105263157894736 0.48120300751879697
1 0.8039473684210526 0.24060150375939848 0.04473684210526316 0.48120300751879697
1 0.2026315789473684 0.7443609022556391 0.04736842105263158 0.46616541353383456
1 0.2618421052631579 0.7481203007518797 0.039473684210526314 0.45864661654135336
1 0.3828947368421053 0.7406015037593985 0.05 0.47368421052631576
1 0.6644736842105263 0.7518796992481203 0.04473684210526316 0.46616541353383456
1 0.725 0.7406015037593985 0.039473684210526314 0.47368421052631576
