2 0.0639269406392694 0.4551282051282051 0.0547945205479452 0.8846153846153846
2 0.11643835616438356 0.375 0.0502283105022831 0.7371794871794872
2 0.16666666666666666 0.358974358974359 0.0502283105022831 0.7051282051282052
2 0.2146118721461187 0.27564102564102566 0.0547945205479452 0.5512820512820513
2 0.2602739726027397 0.27884615384615385 0.0547945205479452 0.5576923076923077
2 0.3219178082191781 0.2692307692307692 0.0502283105022831 0.5384615384615384
2 0.3698630136986301 0.2724358974358974 0.0365296803652968 0.5064102564102564
2 0.4246575342465753 0.26282051282051283 0.045662100456621 0.5128205128205128
2 0.4748858447488584 0.2692307692307692 0.045662100456621 0.5128205128205128
2 0.5228310502283106 0.266025641025641 0.0410958904109589 0.4807692307692308
2 0.5662100456621004 0.25961538461538464 0.0365296803652968 0.46794871794871795
2 0.6095890410958904 0.25 0.0410958904109589 0.46153846153846156
2 0.6598173515981736 0.25 0.0319634703196347 0.44871794871794873
2 0.7077625570776256 0.22115384615384615 0.045662100456621 0.4166666666666667
2 0.7397260273972602 0.17307692307692307 0.0273972602739726 0.3076923076923077
2 0.7899543378995434 0.18269230769230768 0.0365296803652968 0.30128205128205127
2 0.8356164383561644 0.16666666666666666 0.0273972602739726 0.2948717948717949
2 0.865296803652968 0.15064102564102563 0.0319634703196347 0.25
2 0.8949771689497716 0.125 0.0273972602739726 0.1987179487179487
