3 0.5160550458715596 0.3852813852813853 0.24311926605504589 0.2857142857142857
3 0.5091743119266054 0.4004329004329004 0.25688073394495414 0.30735930735930733
3 0.48853211009174313 0.4069264069264069 0.2981651376146789 0.3203463203463203
3 0.4793577981651376 0.4264069264069264 0.3256880733944954 0.36796536796536794
3 0.45642201834862384 0.44155844155844154 0.3440366972477064 0.4155844155844156
3 0.4288990825688073 0.45021645021645024 0.37155963302752293 0.44155844155844154
3 0.41284403669724773 0.4805194805194805 0.43119266055045874 0.5108225108225108
3 0.3761467889908257 0.5021645021645021 0.48623853211009177 0.5627705627705628
3 0.1444954128440367 0.20346320346320346 0.22477064220183487 0.33766233766233766
3 0.23853211009174313 0.170995670995671 0.1834862385321101 0.22943722943722944
3 0.3211009174311927 0.16017316017316016 0.1559633027522936 0.18181818181818182
3 0.37155963302752293 0.16666666666666666 0.13761467889908258 0.14285714285714285
