2 0.30727272727272725 0.5355191256830601 0.10545454545454545 0.8087431693989071
2 0.30727272727272725 0.08469945355191257 0.01818181818181818 0.08196721311475409
2 0.649090909090909 0.2923497267759563 0.16363636363636364 0.060109289617486336
2 0.6509090909090909 0.37158469945355194 0.16 0.0546448087431694
2 0.6545454545454545 0.587431693989071 0.16727272727272727 0.07103825136612021
2 0.6472727272727272 0.5109289617486339 0.16 0.060109289617486336
2 0.4818181818181818 0.5846994535519126 0.1709090909090909 0.0546448087431694
2 0.48 0.28688524590163933 0.16727272727272727 0.07103825136612021
2 0.48 0.37158469945355194 0.17454545454545456 0.07650273224043716
2 0.47454545454545455 0.5163934426229508 0.16363636363636364 0.060109289617486336
2 0.4672727272727273 0.4426229508196721 0.13454545454545455 0.0546448087431694
2 0.66 0.4453551912568306 0.14181818181818182 0.060109289617486336
2 0.48 0.6584699453551912 0.16727272727272727 0.07103825136612021
2 0.6545454545454545 0.6584699453551912 0.16727272727272727 0.060109289617486336
