2 0.3933333333333333 0.18222222222222223 0.6711111111111111 0.06222222222222222
2 0.27111111111111114 0.18 0.4266666666666667 0.057777777777777775
2 0.27111111111111114 0.11333333333333333 0.4266666666666667 0.057777777777777775
2 0.27111111111111114 0.24888888888888888 0.4266666666666667 0.06222222222222222
2 0.27111111111111114 0.31777777777777777 0.4266666666666667 0.057777777777777775
2 0.2733333333333333 0.38 0.4222222222222222 0.06666666666666667
2 0.2733333333333333 0.4444444444444444 0.4311111111111111 0.05333333333333334
2 0.2733333333333333 0.5088888888888888 0.4311111111111111 0.057777777777777775
2 0.27555555555555555 0.5777777777777777 0.43555555555555553 0.06222222222222222
2 0.2733333333333333 0.6488888888888888 0.4311111111111111 0.06222222222222222
2 0.27555555555555555 0.7111111111111111 0.43555555555555553 0.06222222222222222
2 0.27555555555555555 0.7822222222222223 0.43555555555555553 0.06222222222222222
2 0.2777777777777778 0.8511111111111112 0.4311111111111111 0.06666666666666667
2 0.39111111111111113 0.25333333333333335 0.6666666666666666 0.06222222222222222
2 0.3844444444444444 0.31777777777777777 0.6533333333333333 0.057777777777777775
2 0.39555555555555555 0.3844444444444444 0.6666666666666666 0.057777777777777775
2 0.3977777777777778 0.4444444444444444 0.6711111111111111 0.05333333333333334
2 0.3977777777777778 0.5088888888888888 0.6711111111111111 0.057777777777777775
2 0.39555555555555555 0.5777777777777777 0.6666666666666666 0.06222222222222222
2 0.40444444444444444 0.6466666666666666 0.6933333333333334 0.057777777777777775
2 0.40444444444444444 0.7155555555555555 0.6933333333333334 0.06222222222222222
