3 0.2527881040892193 0.5292553191489362 0.06691449814126393 0.4521276595744681
3 0.9144981412639405 0.5159574468085106 0.11895910780669144 0.4787234042553192
3 0.6933085501858736 0.8776595744680851 0.44981412639405205 0.1276595744680851
3 0.15055762081784388 0.4574468085106383 0.08550185873605948 0.05319148936170213
3 0.1412639405204461 0.4920212765957447 0.09665427509293681 0.06914893617021277
3 0.13382899628252787 0.526595744680851 0.11152416356877323 0.07446808510638298
3 0.12825278810408922 0.5638297872340425 0.12267657992565056 0.07446808510638298
3 0.12267657992565056 0.598404255319149 0.13382899628252787 0.09042553191489362
3 0.1171003717472119 0.6382978723404256 0.1449814126394052 0.09574468085106383
3 0.10966542750929369 0.6728723404255319 0.15985130111524162 0.10106382978723404
3 0.10037174721189591 0.7074468085106383 0.17100371747211895 0.10638297872340426
