2 0.21555555555555556 0.4777777777777778 0.2 0.92
2 0.5422222222222223 0.2088888888888889 0.21333333333333335 0.14222222222222222
2 0.7555555555555555 0.2644444444444444 0.17777777777777778 0.07555555555555556
2 0.7511111111111111 0.08444444444444445 0.11555555555555555 0.08888888888888889
2 0.5466666666666666 0.33111111111111113 0.2311111111111111 0.09333333333333334
2 0.5511111111111111 0.43333333333333335 0.21333333333333335 0.04
2 0.7733333333333333 0.3977777777777778 0.20444444444444446 0.04
2 0.7377777777777778 0.5044444444444445 0.2577777777777778 0.04888888888888889
2 0.7444444444444445 0.6133333333333333 0.24444444444444444 0.02666666666666667
2 0.7422222222222222 0.7266666666666667 0.20444444444444446 0.08444444444444445
2 0.7088888888888889 0.8666666666666667 0.16444444444444445 0.12444444444444444
2 0.5133333333333333 0.7555555555555555 0.16444444444444445 0.11555555555555555
2 0.52 0.66 0.1688888888888889 0.06666666666666667
2 0.5444444444444444 0.5933333333333334 0.19111111111111112 0.04888888888888889
2 0.5333333333333333 0.5088888888888888 0.18666666666666668 0.04
