2 0.9111111111111111 0.6733333333333333 0.08 0.24444444444444444
2 0.8288888888888889 0.5933333333333334 0.04 0.38666666666666666
2 0.7555555555555555 0.56 0.08 0.4622222222222222
2 0.6511111111111111 0.5555555555555556 0.06666666666666667 0.4888888888888889
2 0.5555555555555556 0.5044444444444445 0.08 0.5822222222222222
2 0.45111111111111113 0.4955555555555556 0.08444444444444445 0.6088888888888889
2 0.35333333333333333 0.5488888888888889 0.08444444444444445 0.49333333333333335
2 0.25333333333333335 0.5955555555555555 0.08 0.4088888888888889
2 0.17333333333333334 0.6155555555555555 0.044444444444444446 0.36
2 0.08888888888888889 0.6733333333333333 0.08888888888888889 0.24444444444444444
