2 0.4088888888888889 0.5511111111111111 0.08888888888888889 0.08888888888888889
2 0.38 0.5288888888888889 0.08444444444444445 0.08
2 0.35777777777777775 0.5066666666666667 0.08444444444444445 0.08888888888888889
2 0.3377777777777778 0.48444444444444446 0.08888888888888889 0.08888888888888889
2 0.3088888888888889 0.46 0.09333333333333334 0.09333333333333334
2 0.2822222222222222 0.43333333333333335 0.09333333333333334 0.08444444444444445
2 0.5444444444444444 0.4222222222222222 0.07555555555555556 0.08
2 0.5222222222222223 0.4022222222222222 0.08444444444444445 0.08444444444444445
2 0.49333333333333335 0.38222222222222224 0.08 0.08
2 0.47555555555555556 0.36 0.08 0.08
2 0.4488888888888889 0.3377777777777778 0.08 0.07111111111111111
2 0.4177777777777778 0.31333333333333335 0.08 0.07555555555555556
2 0.6755555555555556 0.3 0.08 0.07555555555555556
2 0.6511111111111111 0.2777777777777778 0.08444444444444445 0.07555555555555556
2 0.6311111111111111 0.26222222222222225 0.08 0.08888888888888889
2 0.6044444444444445 0.24 0.08 0.08
2 0.5733333333333334 0.2222222222222222 0.07111111111111111 0.07111111111111111
2 0.5488888888888889 0.2 0.07555555555555556 0.08
2 0.5555555555555556 0.5355555555555556 0.5244444444444445 0.52
