2 0.4229559748427673 0.9213836477987422 0.05345911949685535 0.08176100628930817
2 0.5676100628930818 0.7830188679245284 0.03459119496855346 0.06918238993710692
2 0.6022012578616353 0.6069182389937107 0.12264150943396226 0.22012578616352202
2 0.15566037735849056 0.7421383647798742 0.02830188679245283 0.050314465408805034
2 0.34276729559748426 0.7484276729559748 0.050314465408805034 0.10062893081761007
2 0.3694968553459119 0.7169811320754716 0.04716981132075472 0.10062893081761007
2 0.20125786163522014 0.7767295597484277 0.4025157232704403 0.3333333333333333
2 0.18553459119496854 0.5188679245283019 0.11949685534591195 0.3584905660377358
2 0.055031446540880505 0.34591194968553457 0.11006289308176101 0.4025157232704403
2 0.07232704402515723 0.3050314465408805 0.13836477987421383 0.42138364779874216
2 0.4386792452830189 0.31761006289308175 0.2358490566037736 0.4088050314465409
2 0.3789308176100629 0.44025157232704404 0.3742138364779874 0.6792452830188679
2 0.6918238993710691 0.6540880503144654 0.15723270440251572 0.6163522012578616
2 0.5157232704402516 0.16666666666666666 0.27044025157232704 0.3333333333333333
2 0.8191823899371069 0.5911949685534591 0.3238993710691824 0.7547169811320755
2 0.8616352201257862 0.41509433962264153 0.27044025157232704 0.6163522012578616
