3 0.04355400696864112 0.5170454545454546 0.05226480836236934 0.5909090909090909
3 0.10104529616724739 0.5142045454545454 0.0627177700348432 0.6306818181818182
3 0.16376306620209058 0.5085227272727273 0.0627177700348432 0.6647727272727273
3 0.23170731707317074 0.5028409090909091 0.07317073170731707 0.6875
3 0.3048780487804878 0.5 0.07317073170731707 0.7159090909090909
3 0.3797909407665505 0.4943181818181818 0.07665505226480836 0.7386363636363636
3 0.45818815331010454 0.4971590909090909 0.08710801393728224 0.7784090909090909
3 0.5435540069686411 0.4943181818181818 0.09059233449477352 0.8181818181818182
3 0.632404181184669 0.4914772727272727 0.09407665505226481 0.8465909090909091
3 0.7264808362369338 0.48863636363636365 0.10104529616724739 0.9204545454545454
3 0.8275261324041812 0.48295454545454547 0.10104529616724739 0.9545454545454546
3 0.9303135888501742 0.4943181818181818 0.10452961672473868 0.9886363636363636
