2 0.5346534653465347 0.402 0.06930693069306931 0.3
2 0.6014851485148515 0.406 0.06435643564356436 0.3
2 0.6683168316831684 0.412 0.0594059405940594 0.304
2 0.7227722772277227 0.418 0.0594059405940594 0.3
2 0.349009900990099 0.386 0.06435643564356436 0.292
2 0.29207920792079206 0.386 0.0594059405940594 0.292
2 0.23514851485148514 0.374 0.06435643564356436 0.284
2 0.17574257425742573 0.37 0.054455445544554455 0.284
2 0.3292079207920792 0.648 0.024752475247524754 0.04
2 0.30198019801980197 0.642 0.0297029702970297 0.044
2 0.2747524752475248 0.644 0.024752475247524754 0.048
2 0.24752475247524752 0.642 0.019801980198019802 0.044
2 0.21534653465346534 0.638 0.024752475247524754 0.036
2 0.18564356435643564 0.634 0.024752475247524754 0.052
2 0.1608910891089109 0.63 0.024752475247524754 0.052
2 0.13366336633663367 0.628 0.019801980198019802 0.048
2 0.44801980198019803 0.36 0.12376237623762376 0.368
