2 0.7140221402214022 0.6854838709677419 0.025830258302583026 0.3064516129032258
2 0.7564575645756457 0.6801075268817204 0.014760147601476014 0.2956989247311828
2 0.6734317343173432 0.6693548387096774 0.04059040590405904 0.3064516129032258
2 0.8560885608856088 0.27419354838709675 0.014760147601476014 0.3225806451612903
2 0.8856088560885609 0.41397849462365593 0.04428044280442804 0.34408602150537637
2 0.8007380073800738 0.41397849462365593 0.06642066420664207 0.34408602150537637
2 0.9428044280442804 0.34139784946236557 0.1070110701107011 0.44623655913978494
2 0.1881918819188192 0.739247311827957 0.05166051660516605 0.2849462365591398
2 0.7435424354243543 0.6182795698924731 0.025830258302583026 0.2903225806451613
2 0.45571955719557194 0.5483870967741935 0.055350553505535055 0.2903225806451613
2 0.44095940959409596 0.6639784946236559 0.06273062730627306 0.23118279569892472
2 0.4022140221402214 0.5618279569892473 0.0959409594095941 0.2849462365591398
2 0.5129151291512916 0.5510752688172043 0.03690036900369004 0.3064516129032258
2 0.5239852398523985 0.6612903225806451 0.05904059040590406 0.24731182795698925
2 0.577490774907749 0.6532258064516129 0.1070110701107011 0.23118279569892472
2 0.559040590405904 0.5940860215053764 0.06273062730627306 0.20967741935483872
2 0.0959409594095941 0.6424731182795699 0.12546125461254612 0.2956989247311828
2 0.13653136531365315 0.5672043010752689 0.05904059040590406 0.22043010752688172
2 0.1937269372693727 0.532258064516129 0.025830258302583026 0.15053763440860216
2 0.6752767527675276 0.2553763440860215 0.11070110701107011 0.27419354838709675
2 0.7490774907749077 0.3548387096774194 0.08856088560885608 0.27956989247311825
