2 0.8101545253863135 0.581081081081081 0.05739514348785872 0.7477477477477478
2 0.9172185430463576 0.6486486486486487 0.12582781456953643 0.46846846846846846
2 0.7704194260485652 0.42342342342342343 0.017660044150110375 0.5765765765765766
2 0.7339955849889624 0.6036036036036037 0.0728476821192053 0.5405405405405406
2 0.6423841059602649 0.536036036036036 0.039735099337748346 0.6036036036036037
2 0.5838852097130243 0.43243243243243246 0.033112582781456956 0.5945945945945946
2 0.5485651214128036 0.6126126126126126 0.059602649006622516 0.5585585585585585
2 0.47130242825607066 0.32432432432432434 0.12582781456953643 0.5765765765765766
2 0.4613686534216336 0.45045045045045046 0.039735099337748346 0.21621621621621623
2 0.45584988962472406 0.6396396396396397 0.059602649006622516 0.25225225225225223
2 0.3211920529801324 0.23873873873873874 0.08167770419426049 0.2972972972972973
2 0.3355408388520971 0.5 0.0706401766004415 0.24324324324324326
2 0.25275938189845476 0.46846846846846846 0.05518763796909492 0.18018018018018017
2 0.22958057395143489 0.5855855855855856 0.04856512141280353 0.14414414414414414
2 0.04083885209713024 0.22972972972972974 0.05518763796909492 0.15315315315315314
2 0.12030905077262694 0.5630630630630631 0.08167770419426049 0.22522522522522523
