3 0.5403587443946188 0.4690265486725664 0.04035874439461883 0.4424778761061947
3 0.5582959641255605 0.4690265486725664 0.04932735426008968 0.3893805309734513
3 0.5683856502242153 0.4823008849557522 0.05605381165919283 0.30973451327433627
3 0.6804932735426009 0.6415929203539823 0.020179372197309416 0.45132743362831856
3 0.6692825112107623 0.6415929203539823 0.01569506726457399 0.3805309734513274
3 0.6625560538116592 0.6150442477876106 0.020179372197309416 0.3805309734513274
3 0.655829596412556 0.6017699115044248 0.02914798206278027 0.336283185840708
3 0.34977578475336324 0.41150442477876104 0.09865470852017937 0.5221238938053098
3 0.3721973094170404 0.42035398230088494 0.08520179372197309 0.3274336283185841
3 0.5011210762331838 0.6106194690265486 0.020179372197309416 0.4424778761061947
3 0.492152466367713 0.6061946902654868 0.011210762331838564 0.4690265486725664
3 0.4820627802690583 0.6150442477876106 0.008968609865470852 0.4336283185840708
3 0.47757847533632286 0.5929203539823009 0.026905829596412557 0.3893805309734513
