3 0.8688888888888889 0.5111111111111111 0.10222222222222223 0.4177777777777778
3 0.7644444444444445 0.5266666666666666 0.08888888888888889 0.3688888888888889
3 0.6777777777777778 0.5333333333333333 0.08444444444444445 0.36444444444444446
3 0.6155555555555555 0.5488888888888889 0.08444444444444445 0.31555555555555553
3 0.5444444444444444 0.5644444444444444 0.06666666666666667 0.28444444444444444
3 0.4822222222222222 0.5755555555555556 0.06666666666666667 0.27111111111111114
3 0.4222222222222222 0.5822222222222222 0.06222222222222222 0.26666666666666666
3 0.3688888888888889 0.5955555555555555 0.06222222222222222 0.24888888888888888
3 0.32 0.6044444444444445 0.05333333333333334 0.24
3 0.2688888888888889 0.62 0.057777777777777775 0.21777777777777776
3 0.21333333333333335 0.6266666666666667 0.05333333333333334 0.20444444444444446
3 0.17555555555555555 0.6377777777777778 0.057777777777777775 0.19111111111111112
3 0.11777777777777777 0.6555555555555556 0.04888888888888889 0.16444444444444445
3 0.07777777777777778 0.66 0.03111111111111111 0.16444444444444445
