2 0.7098214285714286 0.8035714285714286 0.45535714285714285 0.17857142857142858
2 0.7165178571428571 0.7388392857142857 0.5044642857142857 0.2544642857142857
2 0.7098214285714286 0.6785714285714286 0.5178571428571429 0.3392857142857143
2 0.6116071428571429 0.6785714285714286 0.36607142857142855 0.29464285714285715
2 0.5892857142857143 0.609375 0.36607142857142855 0.38839285714285715
2 0.5491071428571429 0.5558035714285714 0.3482142857142857 0.46875
2 0.39955357142857145 0.65625 0.13839285714285715 0.20535714285714285
2 0.11160714285714286 0.42857142857142855 0.16964285714285715 0.6160714285714286
2 0.19196428571428573 0.43526785714285715 0.07142857142857142 0.5848214285714286
2 0.2767857142857143 0.5 0.08035714285714286 0.5089285714285714
2 0.33035714285714285 0.5089285714285714 0.13392857142857142 0.4732142857142857
2 0.36607142857142855 0.5647321428571429 0.14285714285714285 0.34375
