3 0.18222222222222223 0.42 0.20444444444444446 0.06666666666666667
3 0.16666666666666666 0.5022222222222222 0.2088888888888889 0.08888888888888889
3 0.20444444444444446 0.5444444444444444 0.16 0.16444444444444445
3 0.31555555555555553 0.6422222222222222 0.2311111111111111 0.04888888888888889
3 0.32 0.6933333333333334 0.20444444444444446 0.06222222222222222
3 0.3511111111111111 0.72 0.1688888888888889 0.12444444444444444
3 0.4266666666666667 0.7177777777777777 0.10666666666666667 0.19111111111111112
3 0.4777777777777778 0.7133333333333334 0.03111111111111111 0.2
3 0.5355555555555556 0.6977777777777778 0.08444444444444445 0.1511111111111111
3 0.7422222222222222 0.49333333333333335 0.05333333333333334 0.2311111111111111
3 0.8044444444444444 0.49777777777777776 0.13333333333333333 0.1688888888888889
3 0.8288888888888889 0.46 0.19111111111111112 0.1111111111111111
3 0.7111111111111111 0.29333333333333333 0.2222222222222222 0.06222222222222222
3 0.7022222222222222 0.26666666666666666 0.24 0.02666666666666667
3 0.7066666666666667 0.24 0.17777777777777778 0.05333333333333334
3 0.6844444444444444 0.22444444444444445 0.13333333333333333 0.07555555555555556
3 0.6466666666666666 0.21333333333333335 0.08444444444444445 0.08888888888888889
