2 0.03804347826086957 0.49453551912568305 0.07608695652173914 0.9890710382513661
2 0.25181159420289856 0.5163934426229508 0.07608695652173914 0.9453551912568307
2 0.46557971014492755 0.5382513661202186 0.06159420289855073 0.9016393442622951
2 0.6721014492753623 0.6065573770491803 0.06884057971014493 0.7650273224043715
2 0.8659420289855072 0.6775956284153005 0.06521739130434782 0.6229508196721312
2 0.1431159420289855 0.49453551912568305 0.07608695652173914 0.9890710382513661
2 0.3605072463768116 0.5163934426229508 0.06884057971014493 0.9453551912568307
2 0.5670289855072463 0.5382513661202186 0.06159420289855073 0.9016393442622951
2 0.7735507246376812 0.6120218579234973 0.07608695652173914 0.7540983606557377
2 0.9619565217391305 0.680327868852459 0.06884057971014493 0.6174863387978142
