2 0.4900497512437811 0.2948207171314741 0.6119402985074627 0.3665338645418327
2 0.1691542288557214 0.45219123505976094 0.11940298507462686 0.06772908366533864
2 0.6169154228855721 0.6235059760956175 0.11940298507462686 0.08366533864541832
2 0.49502487562189057 0.549800796812749 0.1044776119402985 0.0796812749003984
2 0.5348258706467661 0.6653386454183267 0.12437810945273632 0.08764940239043825
2 0.4601990049751244 0.6992031872509961 0.11442786069651742 0.099601593625498
2 0.236318407960199 0.8187250996015937 0.13432835820895522 0.09163346613545817
2 0.40298507462686567 0.750996015936255 0.08955223880597014 0.06772908366533864
2 0.13681592039800994 0.7430278884462151 0.0945273631840796 0.08366533864541832
2 0.2064676616915423 0.6932270916334662 0.1044776119402985 0.0796812749003984
2 0.35074626865671643 0.6135458167330677 0.07462686567164178 0.07171314741035857
2 0.41044776119402987 0.5776892430278885 0.07462686567164178 0.07171314741035857
2 0.27860696517412936 0.649402390438247 0.07960199004975124 0.055776892430278883
