2 0.09375 0.5933333333333334 0.07142857142857142 0.76
2 0.16517857142857142 0.6288888888888889 0.0625 0.6888888888888889
2 0.09375 0.5955555555555555 0.08035714285714286 0.7644444444444445
2 0.16741071428571427 0.6311111111111111 0.06696428571428571 0.6933333333333334
2 0.24553571428571427 0.68 0.0625 0.5955555555555555
2 0.31919642857142855 0.64 0.06696428571428571 0.6755555555555556
2 0.4017857142857143 0.6266666666666667 0.08035714285714286 0.7022222222222222
2 0.484375 0.5955555555555555 0.07589285714285714 0.7555555555555555
2 0.31919642857142855 0.64 0.06696428571428571 0.6755555555555556
2 0.4017857142857143 0.6288888888888889 0.08928571428571429 0.6977777777777778
2 0.48214285714285715 0.5977777777777777 0.07142857142857142 0.7511111111111111
2 0.7209821428571429 0.6111111111111112 0.06696428571428571 0.7066666666666667
2 0.7790178571428571 0.5355555555555556 0.07589285714285714 0.7777777777777778
2 0.65625 0.6155555555555555 0.07142857142857142 0.6088888888888889
2 0.8348214285714286 0.5822222222222222 0.08035714285714286 0.7733333333333333
2 0.8973214285714286 0.5733333333333334 0.07142857142857142 0.7111111111111111
2 0.9598214285714286 0.6155555555555555 0.07142857142857142 0.68
2 0.65625 0.6177777777777778 0.07142857142857142 0.6133333333333333
2 0.71875 0.6133333333333333 0.07142857142857142 0.7111111111111111
2 0.7790178571428571 0.54 0.07589285714285714 0.7777777777777778
2 0.8348214285714286 0.5844444444444444 0.08035714285714286 0.7777777777777778
2 0.8973214285714286 0.5755555555555556 0.07142857142857142 0.7155555555555555
2 0.9575892857142857 0.6155555555555555 0.07589285714285714 0.68
