3 0.3521897810218978 0.4891304347826087 0.16423357664233576 0.8478260869565217
3 0.38321167883211676 0.48641304347826086 0.15328467153284672 0.7554347826086957
3 0.40693430656934304 0.47554347826086957 0.12773722627737227 0.6684782608695652
3 0.43613138686131386 0.4701086956521739 0.12043795620437957 0.625
3 0.4489051094890511 0.47554347826086957 0.10948905109489052 0.5597826086956522
3 0.2116788321167883 0.45108695652173914 0.12408759124087591 0.5760869565217391
3 0.6824817518248175 0.5163043478260869 0.13138686131386862 0.5543478260869565
3 0.6423357664233577 0.5027173913043478 0.16058394160583941 0.8315217391304348
3 0.6879562043795621 0.5163043478260869 0.12043795620437957 0.7717391304347826
3 0.7116788321167883 0.5 0.10218978102189781 0.6630434782608695
3 0.7281021897810219 0.5027173913043478 0.09854014598540146 0.6141304347826086
3 0.75 0.5027173913043478 0.07664233576642336 0.5489130434782609
