2 0.35555555555555557 0.4955555555555556 0.48 0.1111111111111111
2 0.39111111111111113 0.6155555555555555 0.43555555555555553 0.3244444444444444
2 0.5377777777777778 0.7266666666666667 0.2222222222222222 0.52
2 0.7666666666666667 0.7266666666666667 0.21777777777777776 0.5022222222222222
2 0.35777777777777775 0.31777777777777777 0.48444444444444446 0.21777777777777776
2 0.4222222222222222 0.20222222222222222 0.38222222222222224 0.39555555555555555
2 0.42444444444444446 0.20444444444444446 0.38666666666666666 0.4
2 0.36 0.32 0.48 0.21333333333333335
2 0.35555555555555557 0.4955555555555556 0.4888888888888889 0.12
2 0.39111111111111113 0.6177777777777778 0.43555555555555553 0.3288888888888889
2 0.5377777777777778 0.7266666666666667 0.2311111111111111 0.52
2 0.7666666666666667 0.7266666666666667 0.22666666666666666 0.5111111111111111
