2 0.48444444444444446 0.37777777777777777 0.9244444444444444 0.11555555555555555
2 0.8888888888888888 0.6955555555555556 0.044444444444444446 0.28888888888888886
2 0.74 0.6955555555555556 0.04 0.28888888888888886
2 0.42 0.6911111111111111 0.04 0.28888888888888886
2 0.5977777777777777 0.7422222222222222 0.03111111111111111 0.19555555555555557
2 0.1288888888888889 0.7444444444444445 0.02666666666666667 0.19111111111111112
2 0.8333333333333334 0.6955555555555556 0.04888888888888889 0.28888888888888886
2 0.6844444444444444 0.6933333333333334 0.035555555555555556 0.29333333333333333
2 0.36666666666666664 0.6911111111111111 0.04 0.28888888888888886
2 0.21333333333333335 0.6911111111111111 0.035555555555555556 0.28888888888888886
2 0.27555555555555555 0.6977777777777778 0.035555555555555556 0.28444444444444444
