3 0.16 0.4 0.27555555555555555 0.39111111111111113
3 0.31555555555555553 0.3622222222222222 0.29333333333333333 0.4222222222222222
3 0.35555555555555557 0.5044444444444445 0.21333333333333335 0.3511111111111111
3 0.3888888888888889 0.6511111111111111 0.17333333333333334 0.31555555555555553
3 0.5155555555555555 0.5622222222222222 0.13333333333333333 0.24444444444444444
3 0.6511111111111111 0.45555555555555555 0.19111111111111112 0.3511111111111111
3 0.7755555555555556 0.37777777777777777 0.21777777777777776 0.4
3 0.8 0.54 0.1688888888888889 0.36
3 0.9155555555555556 0.42 0.13333333333333333 0.28
3 0.9288888888888889 0.6311111111111111 0.13333333333333333 0.3022222222222222
