3 0.11777777777777777 0.40444444444444444 0.1111111111111111 0.8088888888888889
3 0.21777777777777776 0.37333333333333335 0.09777777777777778 0.7466666666666667
3 0.3111111111111111 0.34 0.08888888888888889 0.6711111111111111
3 0.38666666666666666 0.3244444444444444 0.08 0.6222222222222222
3 0.46444444444444444 0.3111111111111111 0.08444444444444445 0.5955555555555555
3 0.5355555555555556 0.30444444444444446 0.08444444444444445 0.5644444444444444
3 0.6044444444444445 0.29333333333333333 0.08 0.5333333333333333
3 0.6711111111111111 0.2777777777777778 0.08 0.49333333333333335
3 0.7288888888888889 0.2688888888888889 0.08 0.4666666666666667
3 0.7844444444444445 0.2577777777777778 0.06666666666666667 0.4177777777777778
