3 0.78125 0.26015625 0.09375 0.3625
3 0.66640625 0.60625 0.071875 0.1734375
3 0.72265625 0.609375 0.059375 0.1625
3 0.77421875 0.6171875 0.0484375 0.146875
3 0.8265625 0.62265625 0.0453125 0.1328125
3 0.86796875 0.634375 0.0421875 0.128125
3 0.9078125 0.63203125 0.0359375 0.1015625
3 0.790625 0.74921875 0.3875 0.0625
3 0.7890625 0.8140625 0.38125 0.0578125
3 0.80546875 0.86953125 0.3453125 0.0515625
3 0.8125 0.9203125 0.334375 0.0515625
3 0.825 0.96171875 0.2984375 0.046875
1 0.8859375 0.2328125 0.096875 0.43125
1 0.33359375 0.8265625 0.1109375 0.3
1 0.42734375 0.834375 0.109375 0.2828125
1 0.525 0.84453125 0.1046875 0.284375
1 0.5484375 0.23515625 0.1046875 0.440625
2 0.42734375 0.48125 0.3515625 0.0484375
2 0.40546875 0.53359375 0.3921875 0.0578125
2 0.2 0.56015625 0.3109375 0.046875
2 0.4109375 0.590625 0.36875 0.0515625
2 0.22109375 0.61875 0.353125 0.05
2 0.38828125 0.65546875 0.428125 0.0640625
2 0.1546875 0.81875 0.0484375 0.3046875
0 0.6921875 0.228125 0.16875 0.4390625