1 0.15625 0.5758928571428571 0.09821428571428571 0.3392857142857143
1 0.2611607142857143 0.5736607142857143 0.10267857142857142 0.33482142857142855
1 0.3549107142857143 0.5825892857142857 0.09375 0.3169642857142857
1 0.44419642857142855 0.6026785714285714 0.08482142857142858 0.2857142857142857
1 0.5267857142857143 0.6026785714285714 0.08928571428571429 0.2857142857142857
1 0.6227678571428571 0.6071428571428571 0.09375 0.29464285714285715
1 0.7008928571428571 0.6138392857142857 0.07142857142857142 0.26339285714285715
1 0.7745535714285714 0.6339285714285714 0.07589285714285714 0.22321428571428573
1 0.7611607142857143 0.44642857142857145 0.2544642857142857 0.125
1 0.6049107142857143 0.34598214285714285 0.39732142857142855 0.20089285714285715
