2 0.3563636363636364 0.6010928961748634 0.02909090909090909 0.09836065573770492
2 0.3890909090909091 0.6038251366120219 0.02909090909090909 0.11475409836065574
2 0.42 0.6010928961748634 0.03272727272727273 0.09836065573770492
2 0.4490909090909091 0.6038251366120219 0.03272727272727273 0.10382513661202186
2 0.4818181818181818 0.5983606557377049 0.03272727272727273 0.10382513661202186
2 0.5127272727272727 0.592896174863388 0.02909090909090909 0.10382513661202186
2 0.36363636363636365 0.7841530054644809 0.02181818181818182 0.10382513661202186
2 0.39636363636363636 0.7841530054644809 0.02909090909090909 0.09289617486338798
2 0.4254545454545455 0.7786885245901639 0.02181818181818182 0.10382513661202186
2 0.45454545454545453 0.7841530054644809 0.02909090909090909 0.10382513661202186
2 0.48363636363636364 0.7786885245901639 0.02181818181818182 0.10382513661202186
2 0.5127272727272727 0.7786885245901639 0.02909090909090909 0.10382513661202186
2 0.5436363636363636 0.7814207650273224 0.025454545454545455 0.1092896174863388
