2 0.4817073170731707 0.4292682926829268 0.07723577235772358 0.17560975609756097
2 0.4410569105691057 0.3829268292682927 0.08536585365853659 0.15121951219512195
2 0.37601626016260165 0.3902439024390244 0.07723577235772358 0.15609756097560976
2 0.5548780487804879 0.4097560975609756 0.07723577235772358 0.16585365853658537
2 0.7682926829268293 0.4219512195121951 0.34146341463414637 0.05365853658536585
2 0.7703252032520326 0.3780487804878049 0.33739837398373984 0.08292682926829269
2 0.7947154471544715 0.47073170731707314 0.3130081300813008 0.05365853658536585
2 0.6260162601626016 0.2146341463414634 0.2926829268292683 0.2048780487804878
2 0.5955284552845529 0.1902439024390244 0.25609756097560976 0.2146341463414634
2 0.5589430894308943 0.17073170731707318 0.21544715447154472 0.2146341463414634
2 0.540650406504065 0.13658536585365855 0.13821138211382114 0.17560975609756097
2 0.5060975609756098 0.12682926829268293 0.10975609756097561 0.18536585365853658
2 0.46747967479674796 0.12439024390243902 0.08130081300813008 0.18048780487804877
2 0.42886178861788615 0.12439024390243902 0.06097560975609756 0.18048780487804877
2 0.3902439024390244 0.13170731707317074 0.032520325203252036 0.17560975609756097
2 0.35365853658536583 0.13414634146341464 0.04065040650406504 0.16097560975609757
2 0.3170731707317073 0.14146341463414633 0.07317073170731707 0.15609756097560976
2 0.7804878048780488 0.6195121951219512 0.2845528455284553 0.1073170731707317
2 0.7886178861788617 0.5804878048780487 0.2926829268292683 0.07804878048780488
2 0.7926829268292683 0.5317073170731708 0.2845528455284553 0.02926829268292683
2 0.47560975609756095 0.8463414634146341 0.2601626016260163 0.14146341463414633
2 0.4878048780487805 0.8146341463414634 0.24390243902439024 0.12682926829268293
2 0.5020325203252033 0.7804878048780488 0.24796747967479674 0.1073170731707317
2 0.5121951219512195 0.751219512195122 0.24390243902439024 0.1073170731707317
2 0.5203252032520326 0.7292682926829268 0.24390243902439024 0.12195121951219512
2 0.5304878048780488 0.7170731707317073 0.23170731707317074 0.13658536585365855
2 0.540650406504065 0.6853658536585366 0.22764227642276422 0.13170731707317074
2 0.556910569105691 0.6536585365853659 0.23577235772357724 0.1073170731707317
