3 0.41333333333333333 0.49333333333333335 0.17777777777777778 0.9066666666666666
3 0.45111111111111113 0.4866666666666667 0.16444444444444445 0.8133333333333334
3 0.48 0.47333333333333333 0.1511111111111111 0.7244444444444444
3 0.5088888888888888 0.45555555555555555 0.13777777777777778 0.6533333333333333
3 0.5355555555555556 0.4488888888888889 0.12 0.5955555555555555
3 0.5555555555555556 0.4488888888888889 0.11555555555555555 0.56
3 0.5755555555555556 0.44222222222222224 0.10222222222222223 0.5111111111111111
3 0.5977777777777777 0.43333333333333335 0.10222222222222223 0.4666666666666667
3 0.6133333333333333 0.43333333333333335 0.08888888888888889 0.4488888888888889
3 0.6266666666666667 0.4266666666666667 0.08888888888888889 0.4088888888888889
3 0.6422222222222222 0.4088888888888889 0.08444444444444445 0.35555555555555557
