0 0.3921875 0.1953125 0.109375 0.2703125
0 0.50234375 0.1953125 0.1328125 0.2734375
0 0.65390625 0.19296875 0.1140625 0.2640625
2 0.71171875 0.35078125 0.0515625 0.1625
2 0.74375 0.33984375 0.0515625 0.1703125
2 0.778125 0.34296875 0.0734375 0.165625
2 0.8109375 0.34921875 0.1 0.15625
2 0.85078125 0.3484375 0.09375 0.1421875
2 0.6578125 0.52265625 0.0359375 0.1625
2 0.71171875 0.52734375 0.034375 0.1546875
2 0.76171875 0.53046875 0.0390625 0.1953125
2 0.7875 0.5265625 0.0359375 0.159375
2 0.8359375 0.52578125 0.0484375 0.16875
2 0.7375 0.71953125 0.03125 0.1875
2 0.78828125 0.70625 0.015625 0.165625
2 0.83671875 0.71796875 0.04375 0.203125
2 0.6984375 0.70703125 0.03125 0.15625
1 0.5828125 0.703125 0.0625 0.16875
1 0.52265625 0.70703125 0.05625 0.1390625
1 0.39765625 0.71875 0.0640625 0.115625
0 0.14140625 0.22265625 0.1234375 0.259375
0 0.23671875 0.2328125 0.1125 0.2953125
0 0.290625 0.34453125 0.134375 0.2484375
2 0.5234375 0.51171875 0.065625 0.1828125
1 0.57890625 0.52578125 0.0671875 0.1671875
2 0.8015625 0.87109375 0.0421875 0.1125
2 0.771875 0.8765625 0.0421875 0.1296875
2 0.72265625 0.8875 0.0359375 0.1484375
2 0.69921875 0.88046875 0.0296875 0.1375
2 0.67578125 0.875 0.0265625 0.1234375
2 0.65625 0.88046875 0.0203125 0.1296875
2 0.56953125 0.8796875 0.03125 0.125
2 0.51796875 0.871875 0.040625 0.1234375
2 0.48984375 0.8796875 0.01875 0.1296875
2 0.45 0.88828125 0.0453125 0.1046875
1 0.4859375 0.7109375 0.0453125 0.140625
1 0.44296875 0.71640625 0.046875 0.1265625